Average: 0.5679571606978928
Q1: 0.08014750744350833
Median: 0.15216076242736243
Q3: 0.28941919180508957
Variance: 2.0314067406196585
Standard Deviation: 1.4252742685601458
