Average: 0.3005932812806553
Q1: 0.09166359285116041
Median: 0.2211252448019878
Q3: 0.39327216043599444
Variance: 0.07873129518721654
Standard Deviation: 0.28059097488553786
