Average: 9.19289279091671
Q1: 6.232084108524524
Median: 8.414525208186431
Q3: 11.929080372184915
Variance: 16.550284587035563
Standard Deviation: 4.068204098497955
