Average: 9.192892879390236
Q1: 6.232084114410472
Median: 8.414525246666651
Q3: 11.92908037214535
Variance: 16.55028533636435
Standard Deviation: 4.068204190593725
