Average: 0.11763870160008022
Q1: 2.7470498470885924e-13
Median: 9.994796286708376e-09
Q3: 0.16330519326210977
Variance: 0.04395883877883511
Standard Deviation: 0.20966363246599326
