Average: 1.8505762282796152
Q1: 0.4785188442721978
Median: 1.7422210907537332
Q3: 2.3552237356148495
Variance: 2.6708551917170595
Standard Deviation: 1.634275127301722
