Average: 0.047227827487527
Q1: 4.357505908350595e-12
Median: 3.036658750832432e-09
Q3: 0.07140695226727091
Variance: 0.006526417395508742
Standard Deviation: 0.08078624508855911
