Average: 0.029680845920804028
Q1: 4.591989483519997e-09
Median: 1.5866791353260807e-08
Q3: 0.03208115335832061
Variance: 0.003767926510800477
Standard Deviation: 0.06138343840809569
