Average: 1.8239076699107855
Q1: 0.4058306644080341
Median: 1.603127077355936
Q3: 2.4070638853240602
Variance: 2.7203510134190396
Standard Deviation: 1.649348663387775
