Average: 3.301685904080249
Q1: 2.15354203910944
Median: 2.9105103307543763
Q3: 4.236412783252535
Variance: 3.0639338666747586
Standard Deviation: 1.7504096282512727
