Average: 3.3016859016504845
Q1: 2.1535420362498847
Median: 2.9105103273839017
Q3: 4.236412787489565
Variance: 3.063933866466961
Standard Deviation: 1.7504096281919157
