Average: 0.7218040514786039
Q1: 0.10332983719950478
Median: 0.19644128986167672
Q3: 0.38910241855873384
Variance: 2.758981903486813
Standard Deviation: 1.6610183332783575
