Average: 2.3928615063361667
Q1: 0.7865445380727836
Median: 2.713003465624597
Q3: 3.6004803944286303
Variance: 2.615890412644691
Standard Deviation: 1.6173714516599738
