<<<<<<< HEAD
Average: 2.3928615063361667
Q1: 0.7865445380727836
Median: 2.713003465624597
Q3: 3.6004803944286303
Variance: 2.615890412644691
Standard Deviation: 1.6173714516599738
=======
Average: 2.3928615116735865
Q1: 0.7865445409310523
Median: 2.713003614216372
Q3: 3.600480388135932
Variance: 2.615890497356425
Standard Deviation: 1.6173714778480623
>>>>>>> 892f82ad80815798b3f1440bb566c1cfaf8f97b0
