Average: 2.3928615116735865
Q1: 0.7865445409310523
Median: 2.713003614216372
Q3: 3.600480388135932
Variance: 2.615890497356425
Standard Deviation: 1.6173714778480623
