Average: 0.05144249224929305
Q1: 9.975358299226252e-09
Median: 0.00039816670124199425
Q3: 0.07561983979383145
Variance: 0.007399335752611334
Standard Deviation: 0.08601939172425793
