Average: 1.832462628846798
Q1: 0.38838109541783394
Median: 1.7416543162572444
Q3: 2.3552237356148495
Variance: 2.7113167419348776
Standard Deviation: 1.646607646628327
